-165 276 486 -577 -878 -932 -460 906 -958 726 -575 -672 337 89 -973 -86 -490 -763 375 927 
186 846 122 -800 478 -620 -472 -348 799 -96 849 -860 335 161 494 963 649 -201 333 -446 
615 -625 -210 274 753 -855 -212 709 -549 -425 104 40 -451 85 457 -144 9 -798 -287 202 
435 949 370 351 410 409 91 612 916 -618 -607 -917 -160 280 -434 -467 470 -177 848 418 
-947 -486 612 -491 -319 -208 -421 -354 -208 -263 -124 -209 -116 -560 -77 133 -428 -725 -477 -150 
305 -355 -340 132 562 641 -305 -491 -909 588 -438 -561 -675 -976 -1000 -194 -522 45 728 -467 
208 358 695 600 -86 565 593 608 -57 687 369 459 -537 -424 390 -664 287 -890 182 -964 
782 678 896 -419 254 -16 -545 165 247 -995 -700 -89 -434 -838 -523 138 964 -758 -562 676 
-159 53 -414 -318 442 -537 -234 878 482 18 -97 -449 -529 206 376 -244 490 454 -970 -984 
-165 352 -911 -282 -341 108 361 -70 295 549 847 812 516 -693 -71 332 901 -622 -331 783 
338 -63 -356 -575 293 -827 -912 -581 637 -55 157 180 -993 920 -832 850 51 743 -143 -114 
-437 406 978 -709 -24 -853 -853 -790 -371 630 448 -757 -912 -387 -883 -947 -286 972 -14 280 
286 858 -546 116 -392 609 -298 805 431 -606 578 -531 -332 906 305 905 676 -828 434 67 
-973 275 31 -262 -855 513 -178 -681 -988 379 861 689 51 492 501 279 625 107 -690 -389 
-699 -439 -240 168 807 602 861 -866 -214 -157 403 346 388 910 -434 -54 -904 -265 101 -159 
-36 -486 557 -392 -965 516 119 -630 627 -349 -710 720 -49 784 -68 927 -503 459 385 287 
159 303 107 -178 114 -909 479 17 -275 -894 17 -858 524 -439 -236 -502 -472 -560 859 559 
727 -635 202 466 -685 221 -460 -871 -82 227 -856 984 -268 844 140 -649 -888 -245 -293 680 
-284 -323 -389 705 -41 582 900 -745 497 -113 -491 377 224 760 -32 377 929 -631 543 -565 
-626 934 320 -987 676 873 -687 736 497 -304 612 82 616 -94 217 -660 918 306 -505 -121 
